Serial OK
I2C Scanner
I2C scanner. Scanning ...
Found address: 64 (0x40)
Found address: 65 (0x41)
Done.
Found 2 device(s).
1101111;100000
2830532
1101111;100110
2830538
1101111;101001
2830541
1101111;100100
2830536
1101111;100011
2830535
1101111;10111
2830523
1101111;11110
2830530
1101111;11001
2830525
1101111;11010
2830526
1101111;100011
2830535
1101111;11100
2830528
1101111;100111
2830539
1101111;100000
2830532
1101111;101100
2830544
1101111;100011
2830535
1101111;100000
2830532
1101111;101010
2830542
1101111;100101
2830537
1101111;100111
2830539
1101111;100101
2830537
1101111;101011
2830543
1101111;101100
2830544
1101111;100001
2830533
1101111;11101
2830529
1101111;100011
2830535
1101111;100111
2830539
1101111;101010
2830542
1101111;11100
2830528
1101111;100110
2830538
1101111;100010
2830534
1101111;100001
2830533
1101111;100111
2830539
1101111;100100
2830536
1101111;101000
2830540
1101111;100100
2830536
1101111;100111
2830539
1101111;101001
2830541
1101111;100011
2830535
1101111;100111
2830539
1101111;101010
2830542
1101111;100111
2830539
1101111;101011
2830543
1101111;11111
2830531
1101111;100000
2830532
1101111;100010
2830534
1101111;101111
2830547
1101111;101000
2830540
1101111;100000
2830532
1101111;101101
2830545
1101111;111010
2830558
1101111;100010
2830534
1101111;10011
2830519
1101111;10110
2830522
1101111;111011
2830559
1101110;100001
2805033
1101110;1001
280509
1101101;101110
2779546
1101101;1101
2779513
1101100;100110
2754038
1101100;1000
275408
1101011;100000
2728532
1101010;100010
2703034
1101001;11111
2677531
1101000;111
265207
1100110;110000
2601048
1100101;10000
2575516
1100011;10110
2524522
1100001;100000
2473532
1011111;111100
2422560
1011101;111001
2371557
1011100;1011
2346011
1011010;11010
2295026
1011000;101000
2244040
1010111;1101
2218513
1010101;100101
2167537
1010011;10010
2116518
1010011;101010
2116542
1010011;110110
2116554
1010011;11110
2116530
1010011;11111
2116531
1010011;101111
2116547
1010011;101011
2116543
1010011;100110
2116538
1010011;110010
2116550
1010011;111001
2116557
1010011;100110
2116538
1010011;101011
2116543
1010011;100110
2116538
1010011;10001
2116517
1010011;11101
2116529
1010011;101101
2116545
1010011;111
211657
1010100;101100
2142044
1010101;110100
2167552
1010111;100010
2218534
1011001;111110
2269562
1011100;11101
2346029
1011111;101001
2422541
1100010;10101
2499021
1100100;111001
2550057
1100111;10
262652
1101001;11010
2677526
1101011;11001
2728525
1101101;101010
2779542
1101111;10101
2830521
1110001;100100
2881536
1110011;100100
2932536
1110101;11010
2983526
1110111;110000
3034548
1111001;101100
3085544
1111100;1100
3162012
1111110;10110
3213022
10000000;11
326403
10000011;100100
429493516536
10000110;111011
429493593059
10001000;10000
429493644016
10001010;11010
429493695026
10001100;10001
429493746017
10001110;1100
429493797012
10010000;11
42949384803
10010001;11111
429493873531
10010010;101100
429493899044
10010011;110011
429493924551
10010100;110011
429493950051
10010101;100110
429493975538
10010110;11111
429494001031
10010111;1010
429494026510
10010111;0
42949402650
10010111;111100
429494026560
10010111;100110
429494026538
10010111;111010
429494026558
10010111;110100
429494026552
10010111;101001
429494026541
10010111;110100
429494026552
10010111;101001
429494026541
10010111;101111
429494026547
10010111;101110
429494026546
10010111;100011
429494026535
10010111;10110
429494026522
10010110;101101
429494001045
10010110;10011
429494001019
10010101;100110
429493975538
10010100;110001
429493950049
10010011;110111
429493924555
10010010;100111
429493899039
10010001;10010
429493873518
10001111;110001
429493822549
10001110;10100
429493797020
10001100;100101
429493746037
10001010;110011
429493695051
10001001;10001
429493669517
10000111;10101
429493618521
10000101;100100
429493567536
10000011;11111
429493516531
10000001;10111
429493465523
1111110;111000
3213056
1111100;110011
3162051
1111010;11100
3111028
1111000;1010
3060010
1110101;110110
2983554
1110011;11111
2932531
1110001;11010
2881526
1101111;11100
2830528
1101101;10000
2779516
1101011;11111
2728531
1101001;100000
2677532
1100111;101001
2626541
1100101;101000
2575540
1100011;100110
2524538
1100001;101110
2473546
1011111;100010
2422534
1011101;110001
2371549
1011100;1111
2346015
1011010;11010
2295026
1011001;10
226952
1010111;100000
2218532
1010110;11101
2193029
1010101;11100
2167528
1010100;100101
2142037
1010100;100100
2142036
1010011;110111
2116555
1010011;110111
2116555
1010100;1011
2142011
1010100;111
214207
1010100;10100
2142020
1010100;111101
2142061
1010011;101100
2116544
1010011;100101
2116537
1010100;11110
2142030
1010101;10010
2167518
1010110;111000
2193056
1011000;100100
2244036
1011010;11000
2295024
1011100;100010
2346034
1011110;10011
2397019
1100000;11100
2448028
1100010;10101
2499021
1100100;10001
2550017
1100101;11
257553
1101000;1001
265209
1101010;10100
2703020
1101100;100100
2754036
1101110;111111
2805063
1110001;100011
2881535
1110100;11
295803
1110110;11111
3009031
1111000;110100
3060052
1111011;11
313653
1111101;101
318755
1111110;111010
3213058
10000000;100010
3264034
10000001;1
42949346551
10000011;100010
429493516534
10000100;111101
429493542061
10000110;1100
429493593012
10000111;11100
429493618528
10001000;100110
429493644038
10001010;111101
429493695061
10001011;1010
429493720510
10001100;111
42949374607
10001101;11001
429493771525
10001110;11100
429493797028
10001111;11000
429493822524
10010000;1
42949384801
10010000;101100
429493848044
10010001;11101
429493873529
10010010;1011
429493899011
10010010;110111
429493899055
10010011;100001
429493924533
10010100;1
42949395001
10010101;1101
429493975513
10010101;110010
429493975550
10010110;11011
429494001027
10010111;1000
42949402658
10010111;11111
429494026531
10011000;111011
429494052059
10010111;110100
429494026552
10010111;110101
429494026553
10010111;110111
429494026555
10010111;101100
429494026544
10010111;110010
429494026550
10010111;110001
429494026549
10010111;100111
429494026539
10010111;100111
429494026539
10010111;100110
429494026538
10010111;10100
429494026520
10010110;110110
429494001054
10010110;1011
429494001011
10010101;100010
429493975534
10010100;10100
429493950020
10010011;11001
429493924525
10010001;101101
429493873545
10010000;10001
429493848017
10001110;101101
429493797045
10001101;10001
429493771517
10001011;110101
429493720553
10001010;10101
429493695021
10001000;110110
429493644054
10000111;11000
429493618524
10000110;101
42949359305
10000100;100010
429493542034
10000011;10101
429493516521
10000001;1
42949346551
10000000;100101
3264037
1111111;100111
3238539
1111110;101010
3213042
1111101;110110
3187554
1111101;10100
3187520
1111100;101000
3162040
1111100;101
316205
1111011;100011
3136535
1111011;1111
3136515
1111010;111100
3111060
1111010;100000
3111032
1111010;10000
3111016
1111010;1011
3111011
1111010;1011
3111011
1111001;111100
3085560
1111010;100
311104
1111010;10
311102
1111010;111110
3111062
1111010;1010
3111010
1111010;11
311103
1111001;111110
3085562
1111010;111
311107
1111001;111011
3085559
1111010;100
311104
1111001;111100
3085560
1111010;111
311107
1111010;1011
3111011
1111001;111110
3085562
1111010;0
311100
1111010;111101
3111061
1111001;101
308555
1111010;11
311103
1111001;111000
3085556
1111001;11
308553
1111010;111101
3111061
1111001;11
308553
1111001;110
308556
1111010;111111
3111063
1111010;111110
3111062
1111010;0
311100
1111001;111111
3085563
1111001;11
308553
1111001;1000
308558
1111001;111101
3085561
1111001;100
308554
1111001;111110
3085562
1111001;111101
3085561
1111001;100
308554
1111010;10
311102
1111010;100
311104
1111001;111110
3085562
1111001;111001
3085557
1111010;11
311103
1111010;11
311103
1111010;111000
3111056
1111001;111001
3085557
1111010;111
311107
1111010;111111
3111063
1111010;100
311104
1111010;1000
311108
1111001;1
308551
1111010;1
311101
1111010;1
311101
1111010;0
311100
1111010;110111
3111055
1111010;111101
3111061
1111010;11
311103
1111001;111110
3085562
1111001;100
308554
1111010;1001
311109
1111010;100
311104
1111010;1010
3111010
1111010;101
311105
1111010;1000
311108
1111010;110
311106
1111001;111110
3085562
1111001;10
308552
1111010;1110
3111014
1111010;110010
3111050
1111010;11
311103
1111010;111001
3111057
1111010;111101
3111061
1111010;111111
3111063
1111001;111110
3085562
1111001;111001
3085557
1111010;110001
3111049
1111010;111101
3111061
1111001;111001
3085557
1111010;111010
3111058
1111010;1110
3111014
1111001;100
308554
1111001;111110
3085562
1111001;1010
3085510
1111010;111110
3111062
1111010;1100
3111012
1111010;101
311105
1111010;110
311106
1111001;100
308554
1111010;1100
3111012
1111001;10
308552
1111010;100
311104
1111010;110
311106
1111001;111111
3085563
1111001;111100
3085560
1111001;111110
3085562
1111010;1101
3111013
1111010;0
311100
1111001;111111
3085563
1111010;1010
3111010
1111010;111
311107
1111001;11
308553
1111001;111010
3085558
1111010;11
311103
1111010;111
311107
1111001;10
308552
1111010;111111
3111063
1111010;11
311103
1111010;0
311100
1111010;111010
3111058
1111001;111111
3085563
1111001;10
308552
1111010;11
311103
1111010;1100
3111012
1111001;111111
3085563
1111001;111001
3085557
1111001;111100
3085560
1111010;111111
3111063
1111010;1010
3111010
1111010;111110
3111062
1111010;111110
3111062
1111010;1010
3111010
1111001;0
308550
1111001;100
308554
1111001;110000
3085548
1111010;1010
3111010
1111010;100
311104
1111010;11
311103
1111010;111101
3111061
1111001;111101
3085561
1111010;1001
311109
1111001;100
308554
1111010;111
311107
1111010;11
311103
1111001;10
308552
1111001;111111
3085563
1111010;1000
311108
1111001;10
308552
1111001;111101
3085561
1111010;111010
3111058
1111010;101
311105
1111010;111110
3111062
