Serial OK
I2C Scanner
I2C scanner. Scanning ...
Found address: 64 (0x40)
Found address: 65 (0x41)
Done.
Found 2 device(s).
10110100;101011
429494766043
10110100;11010
429494766026
10110100;100010
429494766034
10110100;101101
429494766045
10110100;100010
429494766034
10110100;100100
429494766036
10110100;110000
429494766048
10110100;101101
429494766045
10110100;101110
429494766046
10110100;110000
429494766048
10110100;10110
429494766022
10110100;11100
429494766028
10110100;100101
429494766037
10110100;101011
429494766043
10110100;101110
429494766046
10110100;110001
429494766049
10110100;110001
429494766049
10110100;100010
429494766034
10110100;101100
429494766044
10110100;101101
429494766045
10110100;100001
429494766033
10110100;10000
429494766016
10110100;100011
429494766035
10110100;100101
429494766037
10110100;100001
429494766033
10110100;100111
429494766039
10110100;101001
429494766041
10110100;101011
429494766043
10110100;100010
429494766034
10110100;100011
429494766035
10110100;100010
429494766034
10110100;11110
429494766030
10110100;11101
429494766029
10110100;11001
429494766025
10110100;100000
429494766032
10110100;100101
429494766037
10110100;100111
429494766039
10110100;101011
429494766043
10110100;100000
429494766032
10110100;10100
429494766020
10110100;11011
429494766027
10110100;10111
429494766023
10110100;11010
429494766026
10110100;11001
429494766025
10110100;100000
429494766032
10110100;100010
429494766034
10110100;100100
429494766036
10110100;101011
429494766043
10110100;1111
429494766015
10110100;11111
429494766031
10110100;101000
429494766040
10110100;101001
429494766041
10110100;100000
429494766032
10110100;11100
429494766028
10110100;100100
429494766036
10110100;11111
429494766031
10110100;100001
429494766033
10110100;100011
429494766035
10110100;10111
429494766023
10110100;110000
429494766048
10110100;101010
429494766042
10110100;101001
429494766041
10110100;11101
429494766029
10110100;1100
429494766012
10110100;10010
429494766018
10110100;1010
429494766010
10110011;110100
429494740552
10110011;111000
429494740556
10110010;100001
429494715033
10110001;101001
429494689541
10110000;1100
429494664012
10101110;101011
429494613043
10101101;101011
429494587543
10101100;10010
429494562018
10101011;111
42949453657
10101001;111
42949448557
10101001;10101
429494485521
10101000;1001
42949446009
10100111;1111
429494434515
10100101;110111
429494383555
10100100;101000
429494358040
10100011;10111
429494332523
10100001;101101
429494281545
10100000;1111
429494256015
10011110;100110
429494205038
10011100;11101
429494154029
10011010;101110
429494103046
10011000;110001
429494052049
10010111;10
42949402652
10010101;111101
429493975561
10010011;1011
429493924511
10010001;111011
429493873559
10010000;100
42949384804
10001110;10001
429493797017
10001100;101101
429493746045
10001011;11001
429493720525
10001010;111110
429493695062
10001000;1111
429493644015
10000110;101100
429493593044
10000101;100
42949356754
10000011;11001
429493516525
10000001;100111
429493465539
10000000;1101
3264013
1111110;11111
3213031
1111101;10111
3187523
1111011;111010
3136558
1111010;1000
311108
1111001;1010
3085510
1110111;110110
3034554
1110110;110110
3009054
1110101;111001
2983557
1110100;1
295801
1110100;10
295802
1110011;10001
2932517
1110010;101000
2907040
1110001;110001
2881549
1110001;111
288157
1110000;10110
2856022
1101111;101110
2830546
1101110;110111
2805055
1101110;1010
2805010
1101101;100001
2779533
1101101;100110
2779538
1101101;1010
2779510
1101100;10
275402
1101101;100
277954
1101101;10
277952
1101101;1000
277958
1101101;1010
2779510
1101101;1001
277959
1101101;10011
2779519
1101101;111001
2779557
1101110;11000
2805024
1101111;11000
2830524
1110001;111110
2881562
1110010;11101
2907029
1110100;11100
2958028
1110110;11000
3009024
1111000;11111
3060031
1111010;11110
3111030
1111100;101000
3162040
1111110;110010
3213050
10000001;11
42949346553
10000011;11
42949351653
10000101;1110
429493567514
10000111;10
42949361852
10001000;111101
429493644061
10001010;101100
429493695044
10001100;101101
429493746045
10001110;1111
429493797015
10010000;1110
429493848014
10010010;111101
429493899061
10010011;1111
429493924515
10010100;111111
429493950063
10010110;100001
429494001033
10010111;110010
429494026550
10011000;110110
429494052054
10011010;10011
429494103019
10011011;10010
429494128518
10011100;100101
429494154037
10011101;100000
429494179532
10011110;101010
429494205042
10011111;101100
429494230544
10100000;110110
429494256054
10100010;110
42949430706
10100010;111101
429494307061
10100100;11
42949435803
10100100;110101
429494358053
10100101;100
42949438354
10100110;101011
429494409043
10100111;101000
429494434540
10101000;11000
429494460024
10101001;11000
429494485524
10101010;11101
429494511029
10101011;1110
429494536514
10101011;1100
429494536512
10101100;110001
429494562049
10101101;10100
429494587520
10101110;0
42949461300
10101110;11000
429494613024
10101111;1101
429494638513
10101111;101010
429494638542
10101111;100
42949463854
10110000;101010
429494664042
10110001;1101
429494689513
10110001;110100
429494689552
10110010;10101
429494715021
10110010;110100
429494715052
10110011;100111
429494740539
10110011;11
42949474053
10110100;110010
429494766050
10110101;10001
429494791517
10110101;111111
429494791563
10110100;1
42949476601
10110101;1000
42949479158
10110100;110
42949476606
10110100;111010
429494766058
10110100;11
42949476603
10110100;111011
429494766059
10110101;1101
429494791513
10110101;100
42949479154
10110100;110011
429494766051
10110100;111100
429494766060
10110100;101
42949476605
10110100;111111
429494766063
10110101;111101
429494791561
10110100;111
42949476607
10110100;111111
429494766063
10110100;100011
429494766035
10110011;110101
429494740553
10110010;110001
429494715049
10110001;10110
429494689522
10101111;100101
429494638537
10101101;100011
429494587535
10101011;101010
429494536542
10101001;10110
429494485522
10100111;100
42949443454
10100100;111110
429494358062
10100010;0
42949430700
10100000;110111
429494256055
10011110;110101
429494205053
10011100;101000
429494154040
10011010;100010
429494103034
10011001;100
42949407754
10010111;111011
429494026559
10010101;1011
429493975511
10010011;100000
429493924532
10010001;101011
429493873543
10001111;111010
429493822558
10001110;10100
429493797020
10001100;1111
429493746015
10001010;100100
429493695036
10001000;110001
429493644049
10000111;10110
429493618522
10000101;100101
429493567537
10000100;111010
429493542058
10000010;100000
429493491032
10000000;0
326400
1111111;101111
3238547
1111110;1100
3213012
1111100;110110
3162054
1111011;101101
3136545
1111001;110
308556
1111000;100010
3060034
1110111;11000
3034524
1110101;101010
2983542
1110100;100111
2958039
1110011;101101
2932545
1110010;100110
2907038
1110001;11010
2881526
1110000;100101
2856037
1101111;110000
2830548
1101110;1
280501
1101110;1110
2805014
1101101;101001
2779541
1101101;100111
2779539
1101101;100000
2779532
1101101;10100
2779520
1101101;10101
2779521
1101101;100011
2779535
1101101;11001
2779525
1101101;11101
2779529
1101101;110101
2779553
1101101;111011
2779559
1101110;111110
2805062
1101111;100
283054
1110001;100111
2881539
1110011;1
293251
1110101;11000
2983524
1110111;101010
3034542
1111001;111001
3085557
1111100;101011
3162043
1111111;100001
3238533
10000010;111011
429493491059
10000100;110010
429493542050
10000111;110000
429493618548
10001010;10011
429493695019
10001100;111111
429493746063
10001111;101011
429493822543
10010001;110110
429493873554
10010100;111110
429493950062
10010101;111010
429493975558
10010111;111100
429494026560
10011001;10011
429494077519
10011011;1
42949412851
10011100;100011
429494154035
10011110;111111
429494205063
10011111;100001
429494230533
10100000;111010
429494256058
10100010;11101
429494307029
10100011;101111
429494332547
10100101;1111
429494383515
10100110;11110
429494409030
10100111;101001
429494434541
10101000;111100
429494460060
10101001;111000
429494485556
10101011;101
42949453655
10101100;111011
429494562059
10101101;10010
429494587518
10101110;1001
42949461309
10101111;10000
429494638516
10110000;1100
429494664012
10110000;110111
429494664055
10110001;101000
429494689540
10110010;10001
429494715017
10110010;101111
429494715047
10110011;10010
429494740518
10110100;1011
429494766011
10110100;101110
429494766046
10110100;10
42949476602
10110100;101111
429494766047
10110100;110101
429494766053
10110100;110111
429494766055
10110100;101111
429494766047
10110100;101001
429494766041
10110100;10100
429494766020
10110011;10010
429494740518
10110001;101
42949468955
10110000;101
42949466405
10101110;100000
429494613032
10101100;100110
429494562038
10101010;1101
429494511013
10101000;1101
429494460013
10100101;111000
429494383556
10100011;11011
429494332527
10100000;111000
429494256056
10011110;110010
429494205050
10011100;11000
429494154024
10011010;100
42949410304
10010111;101100
429494026544
10010101;100111
429493975539
10010011;111001
429493924557
10010010;10101
429493899021
10010001;1011
429493873511
10010000;101010
429493848042
10010000;111111
429493848063
10010000;11001
429493848025
10010000;110100
429493848052
10010000;100000
429493848032
10010000;101000
429493848040
10010000;101000
429493848040
10010000;110011
429493848051
10010000;100101
429493848037
10010000;111001
429493848057
10010000;111010
429493848058
10010000;110011
429493848051
10010000;110111
429493848055
10010000;110010
429493848050
10010000;100110
429493848038
10010000;101101
429493848045
10010000;110001
429493848049
10010000;110011
429493848051
10010000;101010
429493848042
10010000;101011
429493848043
10010000;111001
429493848057
10010000;101010
429493848042
10010001;111110
429493873562
10010000;101101
429493848045
10010000;100111
429493848039
10010000;110010
429493848050
10010000;100100
429493848036
10010000;110000
429493848048
10010000;110110
429493848054
10010001;11
42949387353
10010000;110101
429493848053
10010000;110100
429493848052
10010000;101011
429493848043
10010000;101000
429493848040
10010000;101010
429493848042
10010000;110001
429493848049
10010000;111001
429493848057
10010000;101101
429493848045
10010000;111010
429493848058
10010000;100010
429493848034
10010000;110001
429493848049
10010000;110110
429493848054
10010000;100110
429493848038
10010000;101010
429493848042
10010000;111010
429493848058
10010000;110010
429493848050
10010000;110010
429493848050
10010000;111000
429493848056
10010000;111101
429493848061
10010000;11101
429493848029
10010000;100011
429493848035
10010000;100111
429493848039
10010000;110110
429493848054
10010000;110001
429493848049
10010000;100111
429493848039
10010000;100111
429493848039
10010000;110000
429493848048
10010000;100011
429493848035
10010000;110001
429493848049
10010000;101011
429493848043
10010000;110111
429493848055
10010000;100101
429493848037
